x<-c(20,10,4)

